1	906	735	28	17
2	890	926	12	29
3	806	573	20	19
4	73	196	16	24
5	466	847	26	27
6	157	631	22	23
7	140	175	18	11
8	847	845	13	16
9	337	935	25	24
10	857	475	11	28
11	490	88	29	14
12	844	972	21	10
13	157	199	18	28
14	649	45	5	8
15	322	16	21	24
16	623	873	13	20
17	121	817	29	24
18	670	722	16	14
19	773	730	15	29
20	682	303	16	16
21	892	77	16	25
22	243	515	16	14
23	310	404	17	23
24	908	920	20	25
25	449	769	24	20
26	42	43	18	27
27	432	791	13	10
28	690	688	26	29
29	268	656	28	19
30	293	705	14	10
31	416	505	12	25
32	838	605	18	14
33	28	39	19	25
34	711	519	26	13
35	373	748	10	19
36	878	750	10	25
37	449	351	26	12
38	99	971	14	28
39	443	686	13	25
40	161	816	18	29
41	599	188	24	12
42	649	33	14	10
43	842	850	19	29
44	754	530	16	20
45	418	939	14	28
46	968	179	19	25
47	749	758	27	22
48	182	858	27	14
49	129	520	16	10
50	690	109	10	19
51	678	588	12	10
52	579	278	24	12
53	500	309	18	28
54	958	978	15	11
55	76	706	17	28
56	874	19	14	27
57	712	448	24	23
58	240	853	16	26
59	713	112	26	28
60	727	393	22	22
61	633	44	26	14
62	453	724	25	16
63	564	380	15	29
64	945	786	10	20
65	135	642	28	18
66	646	55	11	14
67	287	538	27	21
68	224	969	13	20
69	315	661	13	15
70	868	219	23	10
71	248	295	28	29
72	401	369	27	26
73	642	429	27	19
74	339	318	14	28
75	539	166	16	18
76	747	146	3	6
77	735	525	21	20
78	723	347	24	13
79	780	60	10	27
80	2	738	18	12
81	799	279	23	29
82	856	486	10	18
83	805	928	23	19
84	972	248	14	17
85	912	805	10	29
86	463	568	27	21
87	642	377	21	11
88	282	577	21	13
89	446	542	11	20
90	472	762	27	16
91	77	206	24	25
92	460	274	13	11
93	300	468	23	23
94	903	637	18	14
95	790	339	10	14
96	287	243	24	25
97	847	641	28	25
98	483	95	28	15
99	450	276	14	26
100	723	99	13	10
101	913	449	12	28
102	846	538	14	21
103	389	627	24	28
104	386	240	27	14
105	573	298	24	16
106	882	204	21	28
107	870	247	22	17
108	383	226	27	15
109	352	984	25	11
110	581	646	27	11
111	936	310	15	28
112	28	743	29	26
113	412	711	16	18
114	276	195	19	11
115	130	756	24	16
116	307	153	25	11
117	85	171	19	22
118	785	286	24	29
119	749	394	29	29
120	166	536	4	3
121	537	648	13	22
122	280	745	26	20
123	438	294	29	18
124	299	459	27	18
125	445	900	12	16
126	918	468	12	12
127	951	873	20	13
128	745	480	13	22
129	826	492	15	27
130	346	400	13	10
131	468	465	16	26
132	510	441	24	12
133	827	282	19	29
134	677	938	14	22
135	639	259	28	14
136	160	603	24	18
137	411	331	19	12
138	689	360	22	11
139	335	887	20	29
140	297	450	11	25
141	934	809	23	21
142	69	381	23	17
143	39	849	24	27
144	254	353	27	25
145	647	660	25	15
146	516	90	27	20
147	392	795	16	22
148	271	62	26	24
149	615	880	21	26
150	891	23	29	10
151	459	863	17	13
152	699	773	8	10
153	299	193	29	19
154	507	786	29	12
155	314	209	10	17
156	580	854	14	24
157	107	123	27	24
158	193	327	17	15
159	743	230	14	12
160	275	669	27	25
161	12	833	22	27
162	781	33	27	29
163	705	351	16	22
164	210	625	15	15
165	447	737	15	24
166	390	151	11	17
167	983	356	11	28
168	827	478	7	13
169	827	134	23	16
170	828	375	8	3
171	757	70	28	15
172	946	195	27	17
173	159	409	14	12
174	76	9	10	28
175	784	44	14	29
176	314	480	13	20
177	0	43	19	27
178	196	449	29	25
179	728	244	17	22
180	802	695	29	10
181	693	915	29	23
182	307	151	16	21
183	674	20	23	24
184	265	196	15	17
185	446	715	19	28
186	653	375	12	10
187	290	471	28	20
188	193	953	23	18
189	319	402	15	14
190	852	163	10	10
191	913	465	23	23
192	350	792	10	22
193	988	262	11	18
194	318	478	11	10
195	465	200	20	18
196	804	791	16	15
197	720	680	11	26
198	331	217	10	22
199	935	961	29	12
200	932	963	27	23
201	155	840	25	28
202	39	747	22	27
203	295	745	20	22
204	729	386	16	18
205	791	943	18	10
206	88	702	16	21
207	403	222	25	25
208	514	437	12	23
209	22	856	13	18
210	828	157	20	21
211	899	315	23	20
212	684	352	14	19
213	606	0	25	23
214	538	589	12	17
215	719	443	27	21
216	783	437	18	16
217	358	237	12	20
218	835	779	25	16
219	436	183	18	27
220	247	244	22	21
221	561	795	19	29
222	78	794	25	21
223	461	673	19	18
224	373	795	10	16
225	237	240	24	27
226	289	24	24	17
227	629	517	20	18
228	886	1	19	21
229	314	309	29	15
230	156	537	11	13
231	617	592	24	20
232	373	459	16	27
233	158	109	13	27
234	610	609	28	12
235	871	354	22	13
236	200	330	13	11
237	312	460	16	11
238	255	356	29	24
239	482	570	18	20
240	435	34	19	23
241	518	842	11	16
242	628	632	20	12
243	708	887	20	15
244	159	534	12	24
245	877	531	21	25
246	555	359	22	28
247	312	869	29	23
248	453	542	17	20
249	369	720	24	17
250	328	123	18	18
251	189	511	10	16
252	794	286	15	25
253	771	749	11	26
254	154	247	25	22
255	915	196	10	25
256	823	476	18	18
257	844	314	28	20
258	412	456	12	11
259	811	916	10	3
260	263	494	14	27
261	568	788	21	11
262	260	329	24	18
263	849	97	22	21
264	264	283	17	14
265	936	646	11	17
266	302	362	5	5
267	829	618	14	15
268	730	416	11	28
269	575	947	29	12
270	808	717	14	28
271	671	80	5	15
272	196	648	22	23
273	283	45	11	10
274	828	972	17	15
275	194	535	19	22
276	618	244	27	16
277	420	799	6	6
278	184	120	29	10
279	151	183	12	28
280	438	443	23	16
281	650	932	22	17
282	121	550	19	27
283	74	663	20	14
284	65	856	25	27
285	121	593	23	26
286	191	360	22	19
287	567	377	25	15
288	925	892	19	26
289	859	530	29	27
290	204	443	24	27
291	873	225	18	21
292	567	514	29	17
293	417	261	20	24
294	314	525	19	25
295	161	214	24	19
296	68	796	14	21
297	465	311	14	24
298	102	82	20	22
299	930	287	10	10
300	717	85	22	19
301	752	391	20	16
302	329	208	20	15
303	172	413	19	16
304	64	566	19	19
305	589	643	11	29
306	608	173	10	23
307	411	54	13	29
308	69	567	24	11
309	111	70	22	17
310	901	346	12	24
311	871	857	22	25
312	453	670	21	27
313	416	797	15	12
314	450	111	28	14
315	213	269	14	11
316	273	1	16	16
317	818	676	11	20
318	383	773	17	21
319	508	108	16	14
320	222	501	14	24
321	538	857	17	27
322	55	115	17	15
323	446	959	4	4
324	92	953	14	12
325	657	823	18	28
326	537	354	27	22
327	19	969	20	21
328	9	51	19	16
329	979	898	21	13
330	618	618	12	28
331	532	604	25	13
332	867	701	25	16
333	538	24	21	29
334	506	443	16	29
335	275	3	10	11
336	809	556	19	21
337	656	622	4	14
338	830	868	14	16
339	473	728	15	13
340	158	167	21	23
341	517	457	13	11
342	933	657	20	14
343	631	283	23	24
344	138	581	27	11
345	299	453	10	29
346	520	308	12	23
347	617	631	24	16
348	506	769	14	17
349	186	183	24	13
350	417	743	28	26
351	923	472	29	14
352	800	378	20	24
353	788	478	22	28
354	390	602	26	19
355	39	689	19	13
356	828	864	12	23
357	330	331	23	18
358	446	92	22	22
359	255	867	11	28
360	594	246	12	16
361	557	809	23	13
362	805	737	13	28
363	13	888	26	22
364	868	0	20	17
365	505	777	10	15
366	548	184	23	11
367	937	363	13	19
368	89	608	19	13
369	167	801	21	26
370	636	724	15	28
371	834	157	11	15
372	306	149	27	18
373	693	890	18	10
374	486	724	29	10
375	892	205	29	17
376	204	455	10	13
377	801	487	26	12
378	897	325	25	10
379	160	402	11	13
380	150	565	4	3
381	863	495	20	24
382	23	690	24	19
383	221	372	19	27
384	493	710	25	19
385	574	246	20	24
386	847	115	21	21
387	228	453	12	15
388	651	466	19	22
389	416	334	23	26
390	181	845	15	26
391	133	52	29	24
392	69	429	15	13
393	124	426	17	12
394	946	966	17	27
395	342	844	29	10
396	405	521	16	10
397	801	680	17	22
398	438	675	14	17
399	646	477	16	15
400	745	450	19	20
401	143	719	17	17
402	415	720	25	28
403	623	440	16	25
404	417	159	12	22
405	868	532	13	18
406	436	138	26	22
407	57	914	13	29
408	709	49	27	17
409	279	122	14	22
410	379	848	26	10
411	943	362	12	11
412	68	326	8	8
413	366	377	26	24
414	728	765	18	27
415	13	579	22	15
416	634	705	10	24
417	300	501	19	23
418	291	360	25	10
419	17	397	10	29
420	582	282	29	20
421	214	632	19	14
422	737	812	21	16
423	813	327	19	26
424	991	264	3	12
425	845	423	18	12
426	233	856	18	14
427	855	80	19	24
428	725	471	27	11
429	211	607	18	15
430	519	419	14	11
431	520	119	13	24
432	838	267	19	17
433	908	278	25	24
434	391	357	19	18
435	352	835	28	22
436	739	497	12	12
437	406	276	16	15
438	342	150	28	14
439	34	737	13	22
440	27	895	17	17
441	237	596	23	17
442	41	745	26	13
443	849	237	17	21
444	666	255	15	23
445	755	221	11	26
446	541	905	14	17
447	871	261	26	10
448	541	329	6	16
449	438	889	22	21
450	976	339	19	24
451	63	317	22	26
452	249	908	29	11
453	954	73	12	29
454	601	617	13	16
455	831	284	22	13
456	908	941	25	13
457	609	755	12	19
458	810	730	19	18
459	870	295	27	24
460	696	657	17	21
461	43	854	23	27
462	317	549	26	28
463	772	289	10	12
464	841	275	23	17
465	800	500	11	25
466	162	712	10	18
467	687	590	12	22
468	549	187	16	23
469	681	764	10	19
470	179	345	18	19
471	87	792	10	24
472	925	524	11	29
473	938	891	24	17
474	157	732	19	12
475	374	522	16	15
476	732	432	14	10
477	209	306	10	13
478	367	850	13	14
479	159	134	27	26
480	482	95	14	18
481	845	52	29	15
482	627	626	13	13
483	485	840	14	17
484	842	148	12	22
485	837	170	26	19
486	545	32	11	12
487	742	508	13	16
488	711	566	20	27
489	782	372	21	16
490	268	720	29	10
491	36	28	24	11
492	364	124	15	17
493	918	948	25	16
494	39	627	14	25
495	541	891	19	22
496	279	629	19	12
497	988	746	10	27
498	703	83	18	18
499	341	135	10	16
500	770	590	6	10
501	506	846	29	28
502	768	658	10	27
503	916	730	24	11
504	290	754	7	6
505	6	749	25	15
506	897	150	7	8
507	340	777	14	16
508	328	141	10	15
509	310	639	27	24
510	170	184	17	20
511	25	734	13	22
512	756	361	16	16
513	390	806	16	17
514	884	560	12	28
515	383	733	23	24
516	702	90	12	26
517	476	971	18	23
518	143	410	22	19
519	442	822	12	20
520	619	387	27	21
521	771	176	15	25
522	683	310	12	14
523	270	240	26	23
524	943	33	17	21
525	336	772	28	12
526	734	562	6	22
527	684	501	20	25
528	839	524	24	28
529	610	180	16	27
530	816	728	20	12
531	790	654	21	28
532	316	34	12	23
533	571	543	14	26
534	11	328	11	16
535	858	699	13	20
536	954	915	15	27
537	917	270	24	21
538	222	243	25	18
539	181	40	13	20
540	576	388	27	28
541	489	320	16	17
542	90	81	22	25
543	6	689	18	16
544	694	284	21	17
545	232	447	17	19
546	410	341	15	25
547	318	18	14	13
548	695	100	21	15
549	442	954	12	16
550	388	520	10	24
551	686	836	25	12
552	550	562	24	20
553	344	383	13	28
554	714	62	13	16
555	382	689	28	21
556	207	452	13	12
557	335	13	19	13
558	448	239	17	24
559	318	833	26	17
560	77	896	10	28
561	461	668	11	16
562	765	456	26	20
563	602	724	25	18
564	942	828	19	3
565	93	955	12	26
566	713	346	13	21
567	641	785	28	13
568	646	554	14	25
569	953	897	29	24
570	758	61	20	22
571	611	271	25	28
572	753	458	18	23
573	316	829	28	27
574	537	963	14	19
575	107	763	10	28
576	931	856	25	24
577	312	451	27	27
578	83	910	16	21
579	795	472	13	11
580	945	313	10	17
581	339	950	16	28
582	110	404	13	13
583	856	61	27	15
584	579	730	14	27
585	235	964	27	29
586	610	212	26	20
587	865	114	14	29
588	190	611	16	23
589	414	762	23	11
590	45	871	10	14
591	288	5	9	10
592	59	737	22	16
593	116	599	14	22
594	300	513	19	10
595	8	46	17	17
596	107	96	13	23
597	757	800	25	20
598	157	261	11	24
599	440	302	17	26
600	352	25	10	10
601	449	906	12	19
602	665	717	12	11
603	264	284	18	24
604	904	213	16	24
605	504	416	16	10
606	16	60	21	25
607	620	621	14	12
608	221	585	10	29
609	653	619	17	23
610	80	909	17	14
611	216	643	11	22
612	420	260	15	21
613	775	746	15	25
614	413	56	7	12
615	324	651	22	23
616	649	690	28	16
617	821	329	13	25
618	312	548	13	20
619	951	179	24	20
620	338	561	13	18
621	968	93	16	13
622	14	630	19	19
623	240	582	21	23
624	437	165	16	14
625	9	857	19	13
626	331	27	26	19
627	929	744	15	26
628	384	618	23	12
629	492	723	22	15
630	455	548	23	27
631	690	308	21	16
632	834	501	27	15
633	441	24	12	24
634	429	324	14	19
635	74	378	23	23
636	968	246	24	13
637	510	805	21	27
638	825	689	12	20
639	274	493	27	21
640	422	837	24	20
641	432	524	18	15
642	103	925	16	12
643	261	438	21	24
644	420	445	19	24
645	940	413	24	24
646	436	882	16	20
647	383	602	24	27
648	899	454	19	18
649	542	652	12	17
650	768	629	26	10
651	121	504	14	21
652	11	846	13	15
653	80	132	15	11
654	944	482	18	13
655	622	747	27	29
656	864	23	23	13
657	260	450	12	15
658	901	900	19	28
659	19	477	23	29
660	44	427	28	20
661	794	330	23	29
662	218	621	11	10
663	617	980	13	10
664	208	182	28	20
665	530	321	18	11
666	946	348	17	16
667	858	899	11	16
668	695	877	26	28
669	291	232	6	8
670	57	165	21	16
671	413	336	10	3
672	688	485	14	20
673	178	49	14	24
674	216	506	10	24
675	224	439	14	23
676	579	258	20	15
677	313	160	23	29
678	607	825	25	13
679	320	523	22	12
680	50	36	15	16
681	134	183	16	14
682	462	193	22	23
683	900	803	17	28
684	659	671	10	20
685	823	767	11	16
686	509	112	22	29
687	533	911	18	19
688	166	32	23	27
689	62	554	17	22
690	44	123	25	17
691	894	975	29	20
692	251	153	13	18
693	702	268	16	28
694	769	68	18	17
695	161	533	19	11
696	1	963	24	23
697	506	892	27	21
698	201	265	20	22
699	781	949	13	18
700	374	780	25	23
701	971	784	18	20
702	864	620	24	20
703	772	555	26	27
704	671	500	27	29
705	852	469	17	10
706	154	718	15	28
707	286	543	24	16
708	306	390	13	19
709	856	331	16	19
710	309	249	21	23
711	943	910	21	14
712	233	450	11	20
713	785	128	11	29
714	418	51	20	17
715	876	608	27	17
716	825	482	16	21
717	659	720	15	10
718	207	686	28	19
719	798	796	18	22
720	199	633	27	15
721	228	733	18	25
722	623	716	28	17
723	93	184	17	28
724	441	348	10	26
725	324	315	28	11
726	71	658	28	24
727	530	155	15	12
728	436	468	13	28
729	113	544	12	28
730	306	426	15	15
731	507	849	19	14
732	877	632	25	16
733	198	670	11	20
734	563	290	17	17
735	584	725	12	11
736	957	981	17	10
737	353	179	22	17
738	274	432	14	22
739	778	619	18	29
740	385	265	22	13
741	69	911	18	10
742	624	398	17	23
743	967	481	12	17
744	780	276	21	18
745	661	481	22	14
746	334	349	11	26
747	168	203	11	20
748	469	318	25	11
749	485	688	26	28
750	865	754	14	22
751	717	88	20	21
752	333	385	22	20
753	904	625	18	27
754	823	735	28	13
755	216	593	11	21
756	312	278	8	6
757	781	518	21	14
758	366	187	17	17
759	592	103	12	11
760	521	755	10	28
761	245	708	28	21
762	865	632	10	23
763	655	413	17	25
764	69	862	14	19
765	865	357	13	22
766	684	651	15	21
767	521	793	10	19
768	34	46	24	17
769	471	716	28	19
770	59	162	19	17
771	308	276	16	12
772	549	188	25	12
773	823	541	18	26
774	858	242	28	11
775	483	973	11	16
776	902	206	29	14
777	610	832	27	25
778	116	63	24	20
779	388	701	10	20
780	807	914	18	16
781	330	578	19	13
782	117	351	29	14
783	258	345	26	18
784	790	122	18	15
785	842	779	14	26
786	376	107	19	22
787	206	309	20	19
788	310	185	24	21
789	345	888	24	19
790	651	272	16	14
791	847	224	29	13
792	650	882	26	13
793	207	603	13	21
794	372	389	20	27
795	270	951	24	29
796	350	878	28	17
797	494	705	27	16
798	415	359	18	22
799	944	951	26	17
800	919	375	29	17
801	882	857	10	15
802	69	902	11	10
803	840	882	27	25
804	349	246	25	10
805	0	865	12	15
806	585	375	25	14
807	683	756	18	29
808	659	880	15	22
809	365	811	10	28
810	570	804	20	22
811	826	727	10	29
812	235	228	22	17
813	100	768	10	11
814	381	634	19	14
815	119	720	10	26
816	943	199	28	12
817	956	806	26	23
818	469	666	14	17
819	643	780	22	14
820	764	767	21	24
821	727	463	18	25
822	243	154	29	19
823	649	179	12	22
824	823	714	11	25
825	516	683	10	25
826	444	717	16	20
827	551	811	24	12
828	79	912	23	20
829	861	666	16	13
830	126	743	24	17
831	392	613	22	25
832	308	700	17	19
833	480	476	20	17
834	481	838	12	27
835	438	455	11	17
836	643	473	27	19
837	464	749	29	27
838	589	749	18	19
839	764	278	17	20
840	64	613	15	10
841	223	388	11	20
842	498	885	27	24
843	494	680	15	17
844	20	571	20	20
845	440	328	14	17
846	956	687	25	27
847	428	182	22	13
848	551	369	29	19
849	105	122	24	11
850	72	379	14	27
851	829	24	10	19
852	318	853	17	17
853	632	328	18	24
854	927	529	4	17
855	809	905	23	13
856	773	448	24	11
857	839	567	11	24
858	164	782	11	20
859	112	534	10	17
860	412	805	28	22
861	206	725	25	20
862	211	47	15	21
863	946	481	15	18
864	162	536	21	25
865	622	325	25	16
866	526	575	18	12
867	792	663	21	19
868	906	346	16	20
869	472	272	22	29
870	71	613	22	10
871	452	77	23	21
872	274	50	11	23
873	815	568	11	21
874	281	27	16	13
875	280	351	29	25
876	278	955	23	22
877	184	957	14	25
878	424	160	18	23
879	639	908	22	28
880	816	324	17	22
881	175	647	10	21
882	821	764	24	23
883	776	185	18	13
884	291	610	24	22
885	80	354	21	18
886	526	441	11	13
887	710	48	17	28
888	459	441	28	28
889	668	823	13	26
890	515	583	20	16
891	245	66	15	24
892	456	241	20	25
893	711	38	21	25
894	749	642	18	26
895	288	215	29	13
896	827	765	22	18
897	614	773	11	17
898	872	677	14	22
899	57	877	19	21
900	366	761	28	22
901	611	455	19	14
902	312	687	28	24
903	133	883	16	20
904	934	880	27	17
905	726	63	22	13
906	221	789	16	16
907	647	620	26	13
908	270	598	26	20
909	20	639	23	11
910	880	633	20	20
911	321	658	14	24
912	454	875	15	19
913	746	143	22	21
914	918	786	14	19
915	339	890	17	18
916	258	515	12	22
917	767	674	15	25
918	293	329	17	11
919	400	684	17	13
920	989	766	10	22
921	142	621	17	25
922	752	74	24	13
923	375	790	17	26
924	348	988	20	11
925	823	329	13	19
926	824	373	16	10
927	611	576	13	18
928	268	363	29	27
929	309	385	19	26
930	862	212	29	17
931	646	610	25	13
932	201	42	20	22
933	844	580	11	12
934	416	44	13	17
935	385	239	29	10
936	673	702	19	26
937	502	450	22	20
938	979	892	19	12
939	644	37	15	24
940	156	595	19	17
941	949	197	19	28
942	520	787	29	15
943	866	913	19	12
944	911	780	14	21
945	78	165	23	29
946	942	424	18	3
947	271	620	19	20
948	424	50	25	27
949	408	206	23	24
950	45	526	25	29
951	211	421	29	27
952	615	516	28	10
953	807	339	24	25
954	585	494	15	26
955	222	674	23	22
956	185	442	26	17
957	725	560	23	27
958	918	789	10	23
959	151	213	12	23
960	760	346	17	24
961	594	200	26	28
962	339	363	26	21
963	562	296	25	20
964	266	83	10	15
965	275	513	25	26
966	530	917	26	26
967	770	739	26	29
968	433	126	14	24
969	324	313	25	29
970	764	522	29	27
971	527	326	26	25
972	143	584	24	18
973	159	350	18	12
974	868	101	12	18
975	421	466	20	21
976	512	699	27	11
977	318	633	18	29
978	175	557	13	25
979	68	138	18	10
980	301	242	21	16
981	43	851	10	21
982	560	672	22	18
983	7	747	10	17
984	427	318	23	27
985	213	719	11	22
986	579	721	16	25
987	894	145	14	19
988	940	826	24	12
989	967	43	12	18
990	729	588	25	11
991	709	264	29	13
992	176	952	18	12
993	332	114	16	15
994	158	335	12	25
995	839	759	18	25
996	662	831	20	23
997	510	104	11	16
998	706	70	29	19
999	833	275	21	25
1000	431	747	18	14
1001	50	865	26	13
1002	743	183	10	5
1003	809	32	25	13
1004	871	83	10	27
1005	529	116	23	28
1006	255	694	15	18
1007	492	76	22	18
1008	34	505	19	29
1009	86	162	24	12
1010	303	366	10	11
1011	560	389	20	25
1012	959	37	11	10
1013	786	383	17	13
1014	307	736	21	17
1015	890	10	28	18
1016	651	26	15	24
1017	783	544	17	19
1018	593	858	10	11
1019	594	715	19	12
1020	471	99	24	20
1021	764	583	17	23
1022	122	825	27	20
1023	434	81	25	20
1024	111	16	28	20
1025	890	326	17	17
1026	669	76	11	25
1027	774	28	10	12
1028	348	770	20	25
1029	358	471	18	14
1030	666	838	22	19
1031	707	609	13	17
1032	290	361	27	25
1033	946	205	13	29
1034	895	324	23	22
1035	704	618	14	27
1036	966	105	25	14
1037	255	422	29	18
1038	436	798	13	12
1039	317	498	10	29
1040	308	202	14	12
1041	615	628	13	22
1042	492	693	28	29
1043	92	922	27	15
1044	418	337	27	26
1045	580	490	14	18
1046	713	649	12	10
1047	421	274	11	11
1048	264	350	28	16
1049	205	608	17	11
1050	323	844	25	13
1051	537	919	10	14
1052	266	690	16	21
1053	117	729	12	13
1054	684	352	23	11
1055	489	741	24	10
1056	400	800	27	27
1057	88	947	15	10
1058	374	154	18	29
1059	254	374	28	15
1060	539	327	12	27
1061	912	208	19	19
1062	320	780	28	23
1063	262	357	21	24
1064	730	789	12	29
1065	505	819	13	21
1066	924	952	26	26
1067	939	752	25	24
1068	853	660	26	23
1069	704	700	17	24
1070	601	178	22	17
1071	275	523	17	21
1072	732	478	16	16
1073	806	758	28	19
1074	89	367	12	10
1075	678	304	25	10
1076	776	438	13	27
1077	691	895	24	22
1078	758	116	25	28
1079	345	851	29	18
1080	554	878	15	12
1081	674	693	17	25
1082	579	489	19	23
1083	87	596	23	19
1084	201	904	13	12
1085	5	333	20	20
1086	286	0	16	19
1087	73	906	26	14
1088	177	421	10	19
1089	65	362	14	22
1090	408	222	19	24
1091	883	191	16	29
1092	542	180	12	17
1093	512	674	25	25
1094	295	331	8	5
1095	867	118	22	13
1096	680	728	26	26
1097	199	580	23	13
1098	47	74	18	29
1099	887	317	25	18
1100	206	744	29	10
1101	158	595	25	12
1102	977	789	14	28
1103	835	274	27	28
1104	820	494	10	10
1105	584	96	11	22
1106	781	931	12	23
1107	32	312	13	15
1108	960	94	23	18
1109	389	703	25	24
1110	631	648	24	18
1111	298	573	13	15
1112	228	804	21	27
1113	462	350	19	19
1114	637	175	14	24
1115	444	161	26	12
1116	320	646	29	21
1117	516	777	19	17
1118	327	343	17	27
1119	873	538	16	18
1120	243	918	13	10
1121	568	218	10	21
1122	715	681	20	29
1123	558	802	15	24
1124	136	539	14	29
1125	882	124	20	20
1126	225	605	17	22
1127	352	761	27	29
1128	227	73	28	15
1129	528	953	26	25
1130	139	869	23	27
1131	155	401	17	13
1132	878	660	16	22
1133	876	483	21	11
1134	43	756	18	22
1135	589	760	25	29
1136	39	697	17	24
1137	321	866	20	10
1138	927	788	29	14
1139	740	142	15	17
1140	527	872	24	24
1141	189	115	20	20
1142	317	489	24	20
1143	346	573	16	26
1144	554	937	27	11
1145	268	134	24	10
1146	101	861	13	13
1147	274	240	19	13
1148	257	361	28	15
1149	684	950	15	22
1150	111	335	18	19
1151	146	564	27	18
1152	480	336	11	25
1153	321	187	14	28
1154	7	387	27	21
1155	667	503	22	11
1156	41	322	20	21
1157	822	902	16	10
1158	387	370	25	26
1159	854	493	26	25
1160	839	430	24	19
1161	299	231	10	25
1162	282	432	17	28
1163	924	188	12	25
1164	609	966	11	17
1165	950	692	16	26
1166	508	744	17	28
1167	214	631	13	19
1168	795	268	26	19
1169	752	657	25	11
1170	334	568	24	24
1171	301	703	13	27
1172	437	526	10	16
1173	288	246	14	10
1174	906	68	27	12
1175	138	562	21	21
1176	617	18	13	11
1177	273	279	15	11
1178	489	863	21	14
1179	780	297	21	16
1180	818	329	7	11
1181	626	561	27	13
1182	677	842	13	19
1183	532	429	12	21
1184	741	176	18	17
1185	604	601	23	20
1186	508	830	19	28
1187	32	871	16	11
1188	105	14	14	16
1189	548	282	22	13
1190	259	246	18	13
1191	187	950	17	19
1192	929	475	20	29
1193	546	320	26	12
1194	289	230	12	15
1195	309	162	19	26
1196	199	887	29	27
1197	200	536	12	12
1198	111	416	16	23
1199	903	977	14	14
1200	530	445	20	21
1201	612	764	29	13
1202	13	53	23	28
1203	799	395	14	10
1204	382	811	21	10
1205	697	762	14	29
1206	965	497	18	26
1207	696	646	22	13
1208	434	462	15	13
1209	441	561	17	25
1210	895	584	12	29
1211	334	866	21	12
1212	967	25	16	20
1213	64	32	16	23
1214	14	636	25	13
1215	423	0	23	27
1216	389	665	16	21
1217	669	20	17	23
1218	224	168	10	24
1219	394	674	5	6
1220	372	275	20	25
1221	312	381	25	24
1222	142	907	18	13
1223	385	351	17	24
1224	891	823	19	14
1225	593	582	22	13
1226	179	51	25	15
1227	297	870	17	13
1228	140	905	24	19
1229	487	83	22	18
1230	337	370	28	17
1231	838	505	23	14
1232	859	905	12	23
1233	141	879	23	19
1234	65	808	23	19
1235	925	272	12	23
1236	400	704	17	15
1237	715	925	20	22
1238	51	79	19	11
1239	101	858	12	14
1240	147	867	11	26
1241	412	939	29	17
1242	578	234	18	19
1243	558	234	22	22
1244	222	840	12	29
1245	105	405	23	17
1246	576	650	18	25
1247	436	777	27	25

